,,,Multimodel_mean_change,,,,,,Intermodel_uncertainity ,,,,,
Dam,Latitude,Longitude,Near(ssp126),Near(SSP585),Mid(ssp126),Mid(SSP585),Far(ssp126),Far(SSP585),Near(ssp126),Near(SSP585),Mid(ssp126),Mid(SSP585),Far(ssp126),Far(SSP585)
Tehri	30.37	78.47	13.948	5.9616	10.734	19.8	13.058	28.959	27.936	22.96	34.269	25.501	33.721	24.823
Ramganga	29.51	78.75	10.175	-4.0496	3.6533	11.534	7.1663	26.148	24.811	25.593	38.582	27.76	37.822	27.966
Lakhwar	30.51	77.94	14.971	6.2535	9.6104	20.762	10.447	25.864	27.09	22.896	34.611	24.944	34.622	25.894
Vyasi	30.52	77.91	17.161	9.252	11.14	23.773	12.054	28.74	28.294	25.38	35.002	27.398	36.207	26.9
Koteshwar	30.25	78.49	14.897	7.0142	10.267	19.737	13.071	28.598	23.192	18.187	28.624	20.373	30.195	15.989
Srinagar	30.24	78.82	11.308	2.3335	8.0649	11.586	12.983	26.857	24.382	21.24	31.182	23.559	30.666	22.946
ManeriBhali2	30.73	78.52	14.647	7.9619	12.491	21.824	14.974	32.881	29.478	24.246	34.461	26.751	33.967	25.309
Bhakra	31.41	76.43	11.833	7.45	10.946	16.467	11.619	29.373	22.183	15.744	19.252	18.853	21.31	15.166
Pong	31.96	75.94	13.445	10.693	10.984	16.559	10.311	23.029	18.888	16.689	17.534	17.916	21.061	15.644
Thein	32.443	75.73	12.54	9.4186	10.444	15.844	10.059	22.497	21.204	17.666	17.925	18.181	21.146	16.972
Kol	31.38	76.87	11.442	6.9358	11.065	16.356	12.137	30.545	23.397	16.103	19.815	19.165	21.873	15.332
Salal	33.14	74.81	9.2843	3.4164	7.3089	6.1611	8.165	11.459	23.604	16.092	18.226	17.509	21.141	15.256
Chamera1	32.6	75.91	12.478	9.2818	10.418	15.721	10.147	22.391	21.385	17.719	17.669	18.213	21.202	16.41
Chamera2	32.52	76.14	12.752	9.8396	10.86	16.442	10.647	23.341	20.675	17.551	17.481	18.011	20.867	15.731
Chamera3	32.47	76.43	12.68	9.7006	10.832	16.147	10.75	23.071	20.579	17.453	17.374	17.914	20.756	15.382
Rampur	31.39	77.59	11.355	6.7781	11.3	16.687	12.468	31.841	24.099	16.215	20.39	19.384	22.224	15.6
Parbati2	31.78	77.32	10.955	7.2456	9.0261	10.412	10.873	16.848	20.519	16.92	16.453	18.478	20.57	14.62
Naptha	31.56	77.98	11.32	6.6732	11.409	16.975	12.525	32.707	24.343	16.161	20.658	19.383	22.334	15.627
Karcham	31.499	78.17	11.292	6.6072	11.442	17.122	12.504	33.094	24.342	16.054	20.725	19.304	22.311	15.581
Rengali	21.27	85.03	4.1505	-8.8983	17.114	0.67422	5.5126	27.595	22.488	14.191	21.353	16.624	15.982	25.328
Hirakud	21.53	83.87	12.701	-6.9411	23.188	1.7633	16.46	35.786	24.743	22.207	23.837	21.323	22.885	25.725
Bango	22.6	82.59	15.011	-9.5303	19.29	5.9699	22.209	41.6	28.918	24.419	30.402	29.21	30.672	32.017
Kadana	23.3	73.82	55.688	34.798	64.5	44.326	56.036	125.64	33.052	28.412	37.043	50.941	44.049	51.312
Bargi	22.94	79.92	17.611	-4.711	24.213	12.443	21.36	49.568	25.799	27.218	30.28	32.008	32.006	29.989
IndiraSagar	22.28	76.47	21.685	1.7695	30.416	13.086	27.526	68.885	21.032	24.074	24.011	33.573	29.155	31.526
SardarSarovar	21.82	73.74	25.331	5.6748	35.887	15.509	31.443	81.958	18.229	22.896	20.197	28.78	26.309	31.845
Omkareshwar	22.24	76.16	22.702	3.3046	31.51	13.552	28.95	70.912	17.733	22.564	19.562	29.094	24.92	29.899
Maheshwar	22.16	75.68	23.344	3.7475	32.639	13.684	29.537	74.577	17.926	23.279	19.655	28.929	25.156	30.98
Panchet	23.68	86.74	2.6457	-0.28535	15.197	10.647	0.8061	39.235	20.238	15.251	20.568	16.824	18.492	27.684
Maithon	23.78	86.81	4.707	5.1592	17.758	17.942	1.1391	51.02	22.258	16.047	24.914	18.869	21.205	28.971
Ukai	21.24	73.59	33.552	13.516	50.185	20.817	43.452	135.05	23.764	30.484	26.663	32.324	35.185	41.004
Rihand	24.2	83.006	18.081	-6.815	19.789	8.3539	21.007	46.641	22.832	22.763	30.7	25.039	27.412	32.765
Matatila	25.1	78.37	23.288	11.032	27.604	20.101	32.103	71.77	31.827	28.271	28.11	52.773	38.114	37.114
RanaPratap	24.91	75.58	46.797	20.722	47.125	32.379	49.543	114.18	30.002	26.169	28.851	50.52	43.938	48.916
SriramSagar	18.96	78.34	36.533	17.141	43.69	14.781	57.318	97.638	25.781	22.057	23.539	28.589	31.858	35.284
Mettur	11.8	77.81	9.4016	10.75	15.169	4.4106	11.773	29.238	28.008	31.71	29.683	30.404	27.366	35.34
Nagarjuna	16.57	79.31	17.115	5.371	28.734	6.1619	16.181	50.877	22.63	15.874	24.796	24.657	25.907	25.601
Srisailam	16.08	78.89	16.956	5.6381	28.588	6.2795	16.453	50.51	24.102	16.574	26.929	25.976	27.628	26.355
Almatti	16.33	75.88	14.468	7.8234	26.797	3.5992	16.951	40.568	26.474	17.404	27.181	23.784	27.853	23.016
Tungabhadra	15.26	76.33	4.991	-0.62704	17.166	-4.4242	4.5107	14.495	17.128	17.52	26.472	22.981	23.128	26.489
Sholayar	10.33	76.91	2.1279	1.836	5.9097	-0.94784	3.3105	18.086	19.039	18.261	15.346	18.841	16.92	22.322
Linganamakki	14.17	74.84	1.3757	-2.9786	11.081	-7.1911	2.0828	-1.3519	15.644	15.516	18.57	16.377	16.623	16.512
Supa	15.27	74.52	3.033	-0.6991	13.485	-4.6898	4.5562	5.5085	17.278	16.077	19.846	16.387	19.061	18.263
Gerusoppa	14.25	74.67	0.87208	-3.3974	10.414	-7.708	1.6114	-1.799	8.2317	8.6842	13.813	8.8451	13.323	10.33
Kodasalli	14.91	74.53	3.0884	-0.87465	13.665	-5.3768	4.0537	6.3945	13.065	11.965	17.131	12.643	16.485	14.374
Kadra	14.89	74.35	2.989	-1.08	13.372	-5.5335	3.9216	5.5587	13.72	12.534	17.571	13.435	16.506	14.68
