Dam,Longitude,Latitude,Near(ssp126),Near(SSP585),Mid(ssp126),Mid(SSP585),Far(ssp126),Far(SSP585)
Tehri  30.37  78.47  1.64  1.58  1.42  2.75  1.76  3.44
Ramganga  29.51  78.75  1.32  0.37  0.91  1.64  0.95  2.22
Lakhwar  30.51  77.94  1.81  1  1.47  2.56  1.5  3.04
Bhakra  31.41  76.43  1.37  1.23  1.32  2.64  1.33  3.69
Pong  31.96  75.94  1.52  1.4  1.37  2.55  1.21  3.07
Thein  32.443  75.73  1.33  1.8  1.33  2.57  1.17  3.37
Kol  31.38  76.87  1.86  1.24  1.43  2.92  0.99  3.76
Salal  33.14  74.81  1.15  1.56  1.21  2.27  0.99  3.48
Chamera1  32.6  75.91  1.42  1.97  1.54  2.64  1.18  3.6
Rengali  21.27  85.03  0.89  -0.28  1.73  0.44  0.75  2.83
Hirakud  21.53  83.87  0.44  0.07  1.79  0.35  1.58  2.46
Bango  22.6  82.59  0.75  -0.34  1  0.49  1.5  2.67
Kadana  23.3  73.82  2.66  1.09  2.56  1.57  2.01  4.98
Bargi  22.94  79.92  0.88  0.18  1.42  1.05  1.5  2.36
IndiraSagar  22.28  76.47  1.84  0.49  2.73  1.12  2.4  5.46
SardarSarovar  21.82  73.74  1.86  1.05  3.71  1.35  3.16  7.18
Omkareshwar  22.24  76.16  3.39  0.48  5.08  1.46  4.3  9.27
Maheshwar  22.16  75.68  3.2  0.57  5.11  1.45  4.1  9.09
Panchet  23.68  86.74  0.64  0.53  2.02  2.16  0.66  3.96
Maithon  23.78  86.81  0.06  0.22  1.71  1.8  0.38  3.46
Ukai  21.24  73.59  2.47  1.59  3.63  1.08  3.32  7.71
Rihand  24.2  83.006  0.63  -0.32  0.86  0.47  1.12  2.16
Matatila  25.1  78.37  1.44  0.91  1.01  1.41  1.8  3.51
RanaPratap  24.91  75.58  4.25  1.88  3.61  2.95  3.52  7.68
SriramSagar  18.96  78.34  3.6  1.36  4.3  0.83  5.17  8.98
Mettur  11.8  77.81  0.58  -0.66  1.16  -1.2  0.25  2.59
Nagarjuna  16.57  79.31  1.88  0.75  4.38  -0.32  3.49  5.04
Srisailam  16.08  78.89  1.04  0.09  2.84  -0.17  2.75  4.49
Almatti  16.33  75.88  1.06  0.83  2.85  0.91  1.45  3.17
Tungabhadra  15.26  76.33  -0.22  -0.39  1.41  -0.49  0.47  0.9
Sholayar  10.33  76.91  0.33  -0.01  0.45  -0.14  0.24  1.35
Linganamakki  14.17  74.84  -0.08  -0.07  0.76  -0.2  0.09  -0.01
Supa  15.27  74.52  0.19  0.1  1.06  0.05  0.65  0.54
Gerusoppa  14.25  74.67  -0.49  -0.74  2.49  -0.81  0.75  -0.46
Kodasalli  14.91  74.53  0.9  -0.2  2.79  -0.59  0.93  0.21
Kadra  14.89  74.35  0.5  -0.44  2.72  -0.82  0.92  -0.14
