,,,Multimodel_mean_change,,,,,,Intermodel_uncertainity ,,,,,
Dam,Latitude,Longitude,Near(ssp126),Near(SSP585),Mid(ssp126),Mid(SSP585),Far(ssp126),Far(SSP585),Near(ssp126),Near(SSP585),Mid(ssp126),Mid(SSP585),Far(ssp126),Far(SSP585)
Tehri,30.37,78.47,33.9,25.553,24.127,34.565,24.304,58.706,14.95,12.092,22.523,10.592,16.067,5.3313
Ramganga,29.51,78.75,30.352,2.5379,7.0214,31.942,19.48,58.872,39.245,29.232,47.327,35.292,43.689,23.068
Lakhwar,30.51,77.94,26.902,17.79,14.286,39.607,14.502,45.229,28.183,20.899,31.728,24.226,34.472,19.094
Vyasi,30.52,77.91,9.2091,11.529,5.1598,6.2906,6.2769,13.105,13.587,12.95,12.922,15.636,14.16,7.41
Koteshwar,30.25,78.49,15.797,12.885,9.8076,20.657,12.566,29.25,14.529,13.391,17.669,12.957,17.365,11.123
Srinagar,30.24,78.82,5.992,7.0375,1.5514,4.1498,6.5562,11.892,15.779,15.215,14.578,16.44,16.498,13.023
ManeriBhali2,30.73,78.52,6.8865,10.033,4.0809,5.4844,7.2081,11.831,13.932,13.238,11.974,13.42,13.217,9.337
Bhakra,31.41,76.43,8.3161,6.9717,9.8403,6.0487,8.1181,13.942,7.7716,6.8776,6.7614,7.6741,7.4084,4.9428
Pong,31.96,75.94,17.022,17.329,12.904,13.134,12.424,24.354,8.7581,4.283,9.8827,8.4936,9.8532,3.3756
Thein,32.443,75.73,13.972,11.018,10.672,10.991,10.049,21.336,14.736,14.67,13.54,14.208,16.924,12.46
Kol,31.38,76.87,7.1345,6.4137,8.488,6.0457,8.8357,17.877,19.132,14.62,14.204,14.216,14.34,11.453
Salal,33.14,74.81,10.262,7.5457,11.748,7.3931,10.776,14.606,24.965,22.041,22.707,20.609,22.3,20.461
Chamera1,32.6,75.91,15.834,14.723,12.186,20.022,13.047,27.232,22.01,22.232,20.451,22.554,25.051,19.079
Chamera2,32.52,76.14,5.1917,2.8373,5.3097,0.39445,4.7734,7.1245,12.636,12.597,10.507,9.2936,11.677,9.7318
Chamera3,32.47,76.43,5.8356,3.5461,5.8752,1.5653,5.2028,8.2233,12.843,12.949,10.679,9.9506,12.188,10.17
Rampur,31.39,77.59,3.1466,1.6588,4.2239,2.7265,4.1992,7.913,10.707,7.8693,8.7329,8.6509,8.3306,6.9611
Parbati2,31.78,77.32,11.133,7.8566,9.645,11.039,11.504,17.513,19.703,16.92,16.453,18.478,20.57,14.62
Naptha,31.56,77.98,3.4031,2.1604,4.5321,3.1969,4.5318,8.9319,11.335,8.1489,8.7566,8.8602,8.4522,7.0751
Karcham,31.499,78.17,3.3654,2.1086,4.4973,3.1908,4.4903,8.9811,11.244,8.0245,8.7181,8.7339,8.3384,6.9923
Rengali,21.27,85.03,8.4398,-1.6106,13.271,5.7078,11.136,16.248,12.31,11.559,12.835,16.596,11.205,15.958
Hirakud,21.53,83.87,6.3455,2.0467,5.6848,4.3342,6.9698,8.9477,3.308,7.1476,4.1224,5.7081,4.9534,5.0305
Bango,22.6,82.59,23.533,-2.1876,31.059,22.508,31.773,45.946,32.483,35.683,25.949,28.079,25.482,20.679
Kadana,23.3,73.82,38.957,24.623,39.54,17.366,33.235,62.766,8.4736,12.491,15.801,21.368,14.761,10.967
Bargi,22.94,79.92,14.57,4.9785,14.371,13.951,14.647,32.027,18.564,17.385,12.428,19.537,16.357,11.742
IndiraSagar,22.28,76.47,16.298,-3,18.196,6.9115,18.826,49.721,18.27,19.57,10.78,25.704,19.642,13.958
SardarSarovar,21.82,73.74,11.161,0.91547,12.848,5.3163,12.921,31.211,8.8735,9.685,6.8311,14.09,10.52,6.9927
Omkareshwar,22.24,76.16,17.768,-2.6238,20.847,9.1387,20.977,55.769,17.834,19.503,12.123,25.504,19.833,15.451
Maheshwar,22.16,75.68,19.689,-2.6909,23.607,9.9553,23.154,61.641,18.468,20.899,13.421,27.496,21.832,16.157
Panchet,23.68,86.74,5.8826,4.0204,8.2326,9.3605,3.7557,13.517,8.505,11.317,9.9008,9.6983,12.594,16.911
Maithon,23.78,86.81,7.617,6.3642,8.3381,12.159,2.8848,16.389,10.089,11.493,10.679,10.289,14.951,18.849
Ukai,21.24,73.59,22.161,1.8961,34.112,10.589,15.512,47.888,9.0384,9.8146,5.1095,11.521,19.682,5.0561
Rihand,24.2,83.006,32.846,-7.8022,37.084,20.379,35.926,48.107,12.478,30.324,9.9546,12.642,7.8507,8.0224
Matatila,25.1,78.37,-2.1617,-3.8207,-5.2444,-3.6778,-2.4596,2.8169,11.265,9.2852,10.604,14.191,10.683,5.4404
RanaPratap,24.91,75.58,18.618,11.298,18.213,1.819,12.812,31.004,13.104,12.24,11.236,17.817,20.625,4.0826
SriramSagar,18.96,78.34,29.97,12.863,38.301,17.965,29.337,60.902,13.96,8.4092,10.411,16.488,28.251,10.765
Mettur,11.8,77.81,4.8427,-0.84303,6.9342,-8.4203,3.0007,8.2324,15.201,12.193,14.4,18.636,15.22,19.722
Nagarjuna,16.57,79.31,22.049,8.8767,29.949,1.9494,13.626,41.26,12.564,14.891,8.2176,16.389,28.612,4.7045
Srisailam,16.08,78.89,17.736,7.3729,24.157,1.4706,11.657,35.831,9.2838,10.358,7.6466,12.216,22.56,5.8701
Almatti,16.33,75.88,17.35,8.783,22.744,3.2848,11.899,39.044,13.988,11.942,16.022,11.466,24.006,9.4292
Tungabhadra,15.26,76.33,9.5395,0.87054,12.69,-9.1192,5.5162,10.859,11.073,10.809,13.517,15.582,19.276,14.96
Sholayar,10.33,76.91,3.3647,-0.56617,9.1239,-4.6611,5.1788,29.356,23.209,20.16,19.728,20.782,20.499,18.877
Linganamakki,14.17,74.84,4.7905,-3.0968,11.234,-12.521,0.52249,-3.252,11.536,12.029,10.288,16.287,17.075,12.864
Supa,15.27,74.52,10.09,-6.219,58.196,-23.968,17.616,21.299,25.197,28.983,32.853,35.215,39.918,24.646
Gerusoppa,14.25,74.67,1.5344,-5.6959,14.766,-13.627,1.1611,-5.0466,14.052,15.533,16.419,17.445,20.037,17.358
Kodasalli,14.91,74.53,6.1841,-2.0525,17.783,-9.1834,5.963,8.7131,21.66,20.147,21.248,20.87,23.442,20.737
Kadra,14.89,74.35,5.4951,-2.3372,18.684,-8.7765,6.4397,6.67,23.094,21.101,23.164,22.083,23.551,22.178
